 FEAT 18-Oct-99
!..B/Ip=5.52/15; <N>=10.2; Vs/Ss=823m^3/682m^2 , 
 Name	Time	Value	Error
RTOR            6.2
AB              2.1
AWALL           2.1
ELONM           2.
TRICH           0.45
ABC     .0      2.
ELONG   0.0     1.76
TRIAN   0.0     0.425
SHIFT   .0      0.
UPDWN           .48
BTOR            5.3
IPL     .0      15.
AMJ             2.5
ZMJ             1
NNCX            200
 NB1             460                             398
 NB1             115                            100
NB1             61                              53
 NB1             47                              41
  Input order:
	t_1		t_2		t_3		...	t_NTIMES
	r_1(t_1)	r_1(t_2)	r_1(t_3)	...	r_1(t_NTIMES)
	z_1(t_1)	z_1(t_2)	z_1(t_3)	...	z_1(t_NTIMES)
	r_2(t_1)	r_2(t_2)	r_2(t_3)	...	r_1(t_NTIMES)
	z_2(t_1)	z_2(t_2)	z_2(t_3)	...	z_2(t_NTIMES)
  Boundary file from Gribov
 NAMEXP BND	NTIMES	1	POINTS	68
 1.
4.710	-2.393
4.618	-2.102
4.542	-1.831
4.467	-1.520
4.388	-1.131
4.324	-0.743
4.275	-0.355
4.239	0.033
4.219	0.324
4.207	0.615
4.201	1.003
4.204	1.294
4.216	1.586
4.236	1.877
4.266	2.168
4.308	2.459
4.364	2.750
4.445	3.065
4.538	3.332
4.683	3.623
4.835	3.822
4.933	3.907
5.031	3.968
5.128	4.008
5.226	4.033
5.324	4.046
5.421	4.048
5.519	4.040
5.617	4.025
5.714	4.004
5.910	3.944
6.198	3.817
6.373	3.720
6.593	3.578
6.786	3.429
6.984	3.255
7.179	3.053
7.351	2.847
7.472	2.684
7.618	2.459
7.778	2.168
7.910	1.877
8.015	1.586
8.097	1.294
8.155	0.997
8.180	0.809
8.195	0.615
8.199	0.421
8.193	0.227
8.175	0.033
8.146	-0.161
8.106	-0.355
8.022	-0.646
7.909	-0.937
7.765	-1.229
7.586	-1.520
7.365	-1.811
7.179	-2.017
6.984	-2.207
6.763	-2.393
6.501	-2.587
6.300	-2.721
6.032	-2.878
5.714	-3.049
5.457	-3.169
5.081	-3.342
4.926	-2.975
4.813	-2.684

  Boundary file from Polevoy
NAMEXP BND	NTIMES	1	POINTS	87
 1.
  8.19344997  0.788902283  8.17694187  0.981607795  8.15062809  1.16680622
  8.11559296  1.34560061  8.07203579  1.5185498  8.02065468  1.68623209
  7.9616394  1.84878933  7.89549255  2.00643635  7.82250404  2.15911341
  7.74297428  2.30661511  7.65725327  2.44864058  7.56580448  2.58491087
  7.46917486  2.7152071  7.36785603  2.83910775  7.26251698  2.95651698
  7.15385389  3.06750584  7.04238892  3.17160797  6.92892313  3.2695806
  6.81394529  3.36107278  6.69811201  3.44723177  6.58179808  3.52733088
  6.46549129  3.60176063  6.34338331  3.6739707  6.2085247  3.74653149
  6.05949879  3.81907105  5.89511824  3.88851857  5.71457577  3.95112586
  5.51841021  3.99965358  5.31098318  4.01912403  5.1033597  3.98639536
  4.91197252  3.88086915  4.74819803  3.70499134  4.61307001  3.48044229
  4.50335503  3.22802377  4.4156251  2.9616003  4.34681416  2.68984461
  4.29435301  2.41788006  4.25559855  2.1488564  4.22828054  1.88409328
  4.21036673  1.62361085  4.20031786  1.36625218  4.19715786  1.10988712
  4.20024681  0.851566076  4.20950603  0.587375939  4.22438431  0.326000929
  4.24373484  0.0755939111  4.26733971 -0.168454736  4.29528141 -0.409839988
  4.32786274 -0.651621342  4.36556435 -0.896402717  4.40933084 -1.14618754
  4.46009064 -1.40268016  4.51936388 -1.66669095  4.58859301 -1.93855524
  4.66981554 -2.21706343  4.76501131 -2.4997139  4.87746096 -2.77927876
  5.01484776 -3.03250599  5.20232773 -3.16733909  5.43256235 -3.13419819
  5.65425825 -3.04656148  5.85442162 -2.94929743  6.03347588 -2.85145044
  6.19354916 -2.75586033  6.33689213 -2.66322756  6.46548891 -2.57415247
  6.58700132 -2.48415542  6.70756292 -2.38869452  6.826684 -2.28774238
  6.94385195 -2.18124604  7.05850267 -2.06905508  7.17015314 -1.95149136
  7.27818298 -1.82834041  7.38214588 -1.70002127  7.48160172 -1.56680739
  7.57602549 -1.42872059  7.66506243 -1.2860899  7.74845219 -1.13924062
  7.82585096 -0.988241792  7.8969574 -0.833143234  7.96152115 -0.673942566
  8.01932907 -0.510549068  8.06999302 -0.342617989  8.11338425 -0.169837132
  8.14860821  0.00863681361  8.17537403  0.193502143  8.19258499  0.385947734

 POINTS  51	GRIDTYPE 11	NAMEXP PIX	FACTOR .096
  0.02 0.06 0.1 0.13 0.17 0.21 0.25 0.29 0.32 0.36 0.4 0.44 0.48 0.51 0.55
  0.59 0.63 0.67 0.7 0.74 0.78 0.82 0.86 0.89 0.93 0.97 1.01 1.05 1.08 1.12
  1.16 1.2 1.24 1.27 1.31 1.35 1.39 1.43 1.46 1.5 1.54 1.58 1.62 1.65 1.69
  1.73 1.77 1.81 1.84 1.88 1.92
  1.0000 1.0000 0.9996 0.9984 0.9964 0.9900 0.9856 0.9804 0.9744 0.9676 0.9600
  0.9516 0.9424 0.9324 0.9216 0.9100 0.8976 0.8844 0.8704 0.8556 0.8400 0.8151
  0.7884 0.7599 0.7296 0.7191 0.6975 0.6636 0.6279 0.5904 0.5511 0.5100 0.4375
  0.3600 0.3000 0.2500 0.2000 0.1500 0.1000 0.0600 0.0400 0.0200 0.0000 0.0000
  0.0000 0.0000 0.0000 0.0000 0.0000 0.0000 0.0000

 POINTS  51	GRIDTYPE 11	NAMEXP PEX	FACTOR .064
  0.02 0.06 0.1 0.13 0.17 0.21 0.25 0.29 0.32 0.36 0.4 0.44 0.48 0.51 0.55
  0.59 0.63 0.67 0.7 0.74 0.78 0.82 0.86 0.89 0.93 0.97 1.01 1.05 1.08 1.12
  1.16 1.2 1.24 1.27 1.31 1.35 1.39 1.43 1.46 1.5 1.54 1.58 1.62 1.65 1.69
  1.73 1.77 1.81 1.84 1.88 1.92
  1.0000 1.0000 0.9996 0.9984 0.9964 0.9900 0.9856 0.9804 0.9744 0.9676 0.9600
  0.9516 0.9424 0.9324 0.9216 0.9100 0.8976 0.8844 0.8704 0.8556 0.8400 0.8151
  0.7884 0.7599 0.7296 0.7191 0.6975 0.6636 0.6279 0.5904 0.5511 0.5100 0.4375
  0.3600 0.3000 0.2500 0.2000 0.1500 0.1000 0.0600 0.0400 0.0200 0.0000 0.0000
  0.0000 0.0000 0.0000 0.0000 0.0000 0.0000 0.0000

POINTS	41
MU   U-file:mu4feat	factor:1.
FILTER 0.0003
NE   U-file:n20000.tmp	factor:1.7
 TE   U-file:t20000.tmp	factor:0.7

POINTS  53	GRIDTYPE 12	NAMEXP TE	FACTOR 1.
  9.5169E-03  2.8551E-02  4.7584E-02  6.6618E-02  8.5652E-02
  1.0469E-01  1.2372E-01  1.4275E-01  1.6179E-01  1.8082E-01
  1.9985E-01  2.1889E-01  2.3792E-01  2.5696E-01  2.7599E-01
  2.9502E-01  3.1406E-01  3.3309E-01  3.5213E-01  3.7116E-01
  3.9019E-01  4.0923E-01  4.2826E-01  4.4729E-01  4.6633E-01
  4.8536E-01  5.0440E-01  5.2343E-01  5.4246E-01  5.6150E-01
  5.8053E-01  5.9956E-01  6.1860E-01  6.3763E-01  6.5667E-01
  6.7570E-01  6.9473E-01  7.1377E-01  7.3280E-01  7.5183E-01
  7.7087E-01  7.8990E-01  8.0894E-01  8.2797E-01  8.4700E-01
  8.6604E-01  8.8507E-01  9.0411E-01  9.2314E-01  9.4217E-01
  9.6121E-01  9.8024E-01  1.0000E+00
  2.1806E+01  2.1768E+01  2.1693E+01  2.1580E+01  2.1429E+01
  2.1240E+01  2.1013E+01  2.0747E+01  2.0440E+01  2.0092E+01
  1.9699E+01  1.9257E+01  1.8761E+01  1.8256E+01  1.7762E+01
  1.7282E+01  1.6816E+01  1.6362E+01  1.5918E+01  1.5482E+01
  1.5054E+01  1.4633E+01  1.4221E+01  1.3821E+01  1.3432E+01
  1.3054E+01  1.2686E+01  1.2325E+01  1.1970E+01  1.1614E+01
  1.1253E+01  1.0885E+01  1.0503E+01  1.0102E+01  9.6907E+00
  9.2786E+00  8.8707E+00  8.4708E+00  8.0816E+00  7.7040E+00
  7.3389E+00  6.9871E+00  6.6497E+00  6.3271E+00  6.0192E+00
  5.7251E+00  5.4438E+00  5.1744E+00  4.9165E+00  4.6699E+00
  4.4343E+00  4.2093E+00  4.0000E+00

 TI   U-file:t20000.tmp	factor:0.7
POINTS  53	GRIDTYPE 12	NAMEXP TI	FACTOR 1.
  9.5169E-03  2.8551E-02  4.7584E-02  6.6618E-02  8.5652E-02
  1.0469E-01  1.2372E-01  1.4275E-01  1.6179E-01  1.8082E-01
  1.9985E-01  2.1889E-01  2.3792E-01  2.5696E-01  2.7599E-01
  2.9502E-01  3.1406E-01  3.3309E-01  3.5213E-01  3.7116E-01
  3.9019E-01  4.0923E-01  4.2826E-01  4.4729E-01  4.6633E-01
  4.8536E-01  5.0440E-01  5.2343E-01  5.4246E-01  5.6150E-01
  5.8053E-01  5.9956E-01  6.1860E-01  6.3763E-01  6.5667E-01
  6.7570E-01  6.9473E-01  7.1377E-01  7.3280E-01  7.5183E-01
  7.7087E-01  7.8990E-01  8.0894E-01  8.2797E-01  8.4700E-01
  8.6604E-01  8.8507E-01  9.0411E-01  9.2314E-01  9.4217E-01
  9.6121E-01  9.8024E-01  1.0000E+00
  2.0909E+01  2.0866E+01  2.0782E+01  2.0655E+01  2.0486E+01
  2.0273E+01  2.0015E+01  1.9710E+01  1.9355E+01  1.8945E+01
  1.8471E+01  1.8016E+01  1.7582E+01  1.7164E+01  1.6758E+01
  1.6361E+01  1.5974E+01  1.5594E+01  1.5221E+01  1.4854E+01
  1.4492E+01  1.4135E+01  1.3784E+01  1.3446E+01  1.3117E+01
  1.2796E+01  1.2479E+01  1.2162E+01  1.1842E+01  1.1511E+01
  1.1172E+01  1.0824E+01  1.0454E+01  1.0051E+01  9.6371E+00
  9.2233E+00  8.8122E+00  8.4068E+00  8.0100E+00  7.6238E+00
  7.2509E+00  6.8933E+00  6.5524E+00  6.2297E+00  5.9248E+00
  5.6360E+00  5.3620E+00  5.1022E+00  4.8559E+00  4.6227E+00
  4.4021E+00  4.1951E+00  4.0000E+00
END
