 ASDEX-U
 Name	Time	Value	Error
AB              0.19235
ABC             0.19235
RTOR            1.5
BTOR            1.
ELONM           1.
ELONG           1.
TRIAN           .0
TRICH           .0
IPL             0.
AMJ             2.
ZMJ             1.
NB1             101

 rho_norm:  0.01 0.04 0.07 0.10 0.12 0.15 0.18 0.21 0.23 0.26
            0.29 0.32 0.35 0.37 0.40 0.43 0.46 0.48 0.51 0.54
            0.57 0.59 0.62 0.65 0.68 0.70 0.73 0.76 0.79 0.82
            0.84 0.87 0.90 0.93 0.95 0.98 1.00
 Volume [m^3]:	OK
POINTS	35	GRIDTYPE	2	NAMEXP	CAR1	NTIMES 1
 0.0000
 0.0000   0.001116  0.0028974 0.0075822 0.014142 0.022413 0.031996 0.044732
 0.058458 0.073527  0.092141  0.11080   0.13217  0.15566  0.18106  0.20739
 0.23710  0.26758   0.30110   0.33628   0.37253  0.41209  0.45376  0.49695
 0.54260  0.58928   0.63895   0.69079   0.74567  0.80287  0.86096  0.92104
 0.98541  1.0507    1.0955

 V' [m^2]	VR=dV/drho=(dV/drho_N)/ROC=V'/ROC
POINTS	35	GRIDTYPE	2	NAMEXP	CAR5	NTIMES 1
 0.0000
 0.037942 0.060569  0.15928   0.22304   0.28122  0.32581  0.43304  0.46667
 0.51235  0.63289   0.63439   0.72670   0.79864  0.86363  0.89501  1.0102
  1.0363  1.1397    1.1962    1.2323    1.3452   1.4168   1.4686   1.5519
  1.5873  1.6886    1.7625    1.8661    1.9449   1.9752   2.0425   2.1886
  2.2187  1.5238    0.0000

 Surface [m^2]:	OK
POINTS	35	GRIDTYPE	2	NAMEXP	SLAT	NTIMES 1
 0.0000
 0.0000   0.33878   0.71797   1.1838    1.5896   2.0183   2.4340   2.8406
 3.2516   3.6637    4.0755    4.4877    4.8992   5.3141   5.7286   6.1455
 6.5617   6.9801    7.4000    7.8227    8.2455   8.6701   9.0976   9.5281
 9.9548   10.385    10.824    11.266    11.707   12.149   12.596   13.050
 13.509   13.976    14.455
 iota:      	
POINTS	35	GRIDTYPE	2	NAMEXP	MV	NTIMES 1
 0.0000
 1.5509   1.5509    1.5512    1.5515    1.5522   1.5529   1.5546   1.5562
 1.5580   1.5598    1.5611    1.5621    1.5630   1.5638   1.5647   1.5658
 1.5679   1.5713    1.5739    1.5749    1.5770   1.5818   1.5863   1.5898
 1.5934   1.5969    1.6004    1.6046    1.6090   1.6154   1.6219   1.6271
 1.6326   1.6427    1.6528

 <|grad rho|^2>:  
POINTS	35	GRIDTYPE	2	NAMEXP	G11	NTIMES 1
 0.0000
 1.000 1.398 1.795 1.881 1.891 1.898 1.907 1.911 1.904 1.901
 1.903 1.899 1.894 1.887 1.879 1.876 1.873 1.867 1.857 1.847
 1.843 1.838 1.831 1.828 1.825 1.815 1.797 1.782 1.777 1.777
 1.771 1.765 1.766 1.816 1.867
 <g_22/g>:  
POINTS	35	GRIDTYPE	2	NAMEXP	CAR4	NTIMES 1
 0.0000
 0.001 0.004 0.007 0.012 0.017 0.021 0.026 0.030 0.035 0.039
 0.043 0.048 0.052 0.056 0.061 0.065 0.070 0.074 0.078 0.083
 0.087 0.092 0.096 0.101 0.105 0.110 0.114 0.119 0.123 0.128
 0.132 0.137 0.142 0.147 0.151
 <(R_0/r)^2>:  
POINTS	35	GRIDTYPE	2	NAMEXP	G33	NTIMES 1
 0.0000
 1.000 1.004 1.006 1.013 1.013 1.014 1.014 1.014 1.014 1.014
 1.014 1.014 1.014 1.014 1.013 1.013 1.013 1.013 1.013 1.013
 1.013 1.012 1.012 1.012 1.012 1.012 1.012 1.012 1.012 1.012
 1.012 1.012 1.011 1.011 1.011                           
END
