 FEAT configuration data file
  00000 Shot number
    397 1st dimension of xyGC   15+38+12*8+248
     15 Dimension of GC-elementE 1(1st wall)+1(div)+12(6*CS+6*PF)+1(Separatix)
6.3454	-3.1623		6.2721	-3.0581		
7.2877	-2.2715		7.9019	-1.3432		
8.3019	-0.43574	8.394 	 0.61058		
8.2462	 1.6637		7.8793	 2.4542		
7.3872	 3.1578		6.5716	 3.8726		
5.7488	 4.5308		4.976 	 4.6753		
4.3074	 4.2993		4.0465	 3.6213		
4.0465	-2.5196		

4.0321	-2.5555		4.1375	-2.575 
4.2365	-2.6159		4.325 	-2.6765
4.3988	-2.7542		4.4549	-2.8456
4.4908	-2.9466		4.5049	-3.0529
4.4966	-3.1597		4.4662	-3.2626
4.396 	-3.4116		4.3623	-3.5058
4.1787	-3.8915		4.4857	-3.913 
4.6393	-3.75  		4.6539	-3.7418
4.7519	-3.7154		4.8486	-3.7107
4.9442	-3.7263		5.0344	-3.7614
5.1153	-3.8144		5.1835	-3.8832
5.2458	-3.9889		5.2655	-4.2668
5.5563	-4.5418		5.5517	-4.0681
5.5609	-3.9879		5.5621	-3.8281
5.5787	-3.7258		5.6111	-3.6274
5.6584	-3.5353		5.7196	-3.4517
5.7931	-3.3787		5.8772	-3.3181
5.9696	-3.2714		6.0683	-3.2398
6.1706	-3.2239		6.2742	-3.2243

1.3625	6.3505	2.0815	6.3505	2.0815	4.2755	1.3625	4.2755
1.3625	6.3505	2.0815	4.2755	1.3625	4.2755	2.0815	6.3505
1.3625	4.2255	2.0815	4.2255	2.0815	2.1505	1.3625	2.1505
1.3625	4.2255	2.0815	2.1505	1.3625	2.1505	2.0815	4.2255
1.3625	2.1005	2.0815	2.1005	2.0815	0.0255	1.3625	0.0255
1.3625	2.1005	2.0815	0.0255	1.3625	0.0255	2.0815	2.1005
1.3625	-2.1005	2.0815	-2.1005	2.0815	-0.0255	1.3625	-0.0255
1.3625	-2.1005	2.0815	-0.0255	1.3625	-0.0255	2.0815	-2.1005
1.3625	-4.2255	2.0815	-4.2255	2.0815	-2.1505	1.3625	-2.1505
1.3625	-4.2255	2.0815	-2.1505	1.3625	-2.1505	2.0815	-4.2255
1.3625	-6.3505	2.0815	-6.3505	2.0815	-4.2755	1.3625	-4.2755
1.3625	-6.3505	2.0815	-4.2755	1.3625	-4.2755	2.0815	-6.3505

3.4636	8.05575	4.4226	8.05575	4.4226	7.07165	3.4636	7.07165
3.4636	8.05575	4.4226	7.07165	3.4636	7.07165	4.4226	8.05575
7.99465	6.8871	8.57475	6.8871	8.57475	6.1725	7.99465	6.1725	
7.99465	6.8871	8.57475	6.1725	7.99465	6.1725	8.57475	6.8871
11.64415 3.7421	12.34045 3.7421	12.34045 2.7883	11.64415 2.7883
11.64415 3.7421	12.34045 2.7883	12.34045 3.7421	11.64415 2.7883
11.6437	-1.7667	12.2819	-1.7667	12.2819	-2.7205	11.6437	-2.7205
11.6437	-1.7667	12.2819	-2.7205	12.2819	-1.7667	11.6437	-2.7205
7.98475	-6.2596	8.79725	-6.2596	8.79725	-7.2134	7.98475	-7.2134
7.98475	-6.2596	8.79725	-7.2134	8.79725	-6.2596	7.98475	-7.2134
3.5545 -6.92225	5.1135 -6.92225	5.1135 -8.02975	3.5545	-8.02975
3.5545 -6.92225	5.1135 -8.02975	5.1135 -6.92225	3.5545	-8.02975

5.5513	-4.3854	5.5171	-4.3076	5.5083	-4.2878	5.4646	-4.1902	
5.4205	-4.0927	5.4195	-4.0905	5.376	-3.9951	5.3312	-3.8976	
5.322	-3.8774	5.2864	-3.8   	5.2417	-3.7024	5.1171	-3.4239	
5.4195	-3.2812	5.5171	-3.2275	5.539	-3.2146	5.6146	-3.1697	
5.6989	-3.1171	5.7122	-3.1087	5.8098	-3.0482	5.8531	-3.0195	
5.9073	-2.9831	5.9967	-2.922 	6.0049	-2.9164	6.1024	-2.8511	
6.1404	-2.8244	6.2	-2.7818	6.2758	-2.7268	6.2976	-2.711 	
6.3951	-2.6413	6.4112	-2.6293	6.4927	-2.567	6.5376	-2.5317	
6.5902	-2.4898	6.6588	-2.4341	6.6878	-2.4104	6.7762	-2.3366	
6.7854	-2.3289	6.8829	-2.2474	6.8924	-2.239	6.9805	-2.159 	
6.9992	-2.1415	7.078	-2.0652	7.0994	-2.0439	7.1756	-1.9656	
7.1938	-1.9463	7.2732	-1.8589	7.282	-1.8488	7.3621	-1.7512	
7.3707	-1.7408	7.4413	-1.6537	7.4683	-1.6193	7.5167	-1.5561	
7.5659	-1.4891	7.5874	-1.4585	7.6507	-1.361	7.6634	-1.3414	
7.7129	-1.2634	7.761	-1.1838	7.7713	-1.1659	7.8228	-1.0683	
7.8585	-0.9992	7.8727	-0.9707	7.9168	-0.8732	7.9561	-0.7835	
7.9594	-0.7756	7.9959	-0.6781	8.0291	-0.5805	8.0537	-0.5072	
8.0613	-0.4829	8.088	-0.3854	8.1112	-0.2878	8.1313	-0.1902	
8.1493	-0.0927	8.1512	-0.0829	8.1672	0.0049	8.1802	0.1024 	
8.1897	0.2	8.1963	0.2976 	8.2001	0.3951	8.2011	0.4927 	
8.1993	0.5902	8.1948	0.6878 	8.1876	0.7854	8.1775	0.8829 	
8.1642	0.9805	8.1512	1.0519 	8.1461	1.078	8.1282	1.1756 	
8.1082	1.2732	8.0855	1.3707 	8.0596	1.4683	8.0537	1.4876 	
8.0285	1.5659	7.9968	1.6634 	7.9622	1.761	7.9561	1.7764 	
7.9222	1.8585	7.881	1.9561 	7.8585	2.0043	7.8349	2.0537 	
7.7876	2.1512	7.761	2.2016 	7.7353	2.2488	7.6814	2.3463 	
7.6634	2.3763	7.6212	2.4439 	7.5659	2.5285	7.5572	2.5415 	
7.4919	2.639	7.4683	2.6716 	7.4191	2.7366	7.3707	2.7975 	
7.3407	2.8341	7.2732	2.9135 	7.2572	2.9317	7.1756	3.0215 	
7.1684	3.0293	7.078	3.1228 	7.074	3.1268	6.9805	3.2179 	
6.9735	3.2244	6.8829	3.3072 	6.8662	3.322	6.7854	3.3909 	
6.7503	3.4195	6.6878	3.4688 	6.6235	3.5171	6.5902	3.541  	
6.4927	3.6054	6.4785	3.6146 	6.3951	3.6676	6.3201	3.7122 	
6.2976	3.725	6.2	3.7754 	6.1293	3.8098	6.1024	3.8222 	
6.0049	3.8622	5.9073	3.8968 	5.8761	3.9073	5.8098	3.9279 	
5.7122	3.9511	5.6146	3.9674 	5.5171	3.9767	5.4195	3.9782 	
5.322	3.971	5.2244	3.9535 	5.1268	3.9234	5.0875	3.9073 	
5.0293	3.8792	4.9317	3.8174 	4.9213	3.8098	4.8341	3.736  	
4.8101	3.7122	4.7366	3.6283 	4.7258	3.6146	4.6561	3.5171 	
4.639	3.4898	4.5984	3.4195 	4.5491	3.322	4.5415	3.3054 	
4.5063	3.2244	4.4686	3.1268 	4.4439	3.0539	4.4359	3.0293 	
4.4048	2.9317	4.3773	2.8341 	4.353	2.7366	4.3463	2.7069 	
4.3316	2.639	4.3114	2.5415 	4.2932	2.4439	4.2771	2.3463 	
4.263	2.2488	4.2506	2.1512 	4.2488	2.1349	4.24	2.0537 	
4.2297	1.9561	4.2207	1.8585 	4.2133	1.761	4.2073	1.6634 	
4.2025	1.5659	4.1989	1.4683 	4.1964	1.3707	4.1948	1.2732 	
4.1943	1.1756	4.1948	1.078  	4.1962	0.9805	4.1986	0.8829 	
4.202	0.7854	4.2064	0.6878 	4.2117	0.5902	4.2179	0.4927 	
4.225	0.3951	4.2332	0.2976 	4.2423	0.2	4.2488	0.1338 	
4.252	0.1024	4.2631	0.0049 	4.2755	-0.0927	4.289	-0.1902	
4.3035	-0.2878	4.3188	-0.3854	4.335	-0.4829	4.3463	-0.5489	
4.3519	-0.5805	4.3698	-0.6781	4.3888	-0.7756	4.4087	-0.8732	
4.4295	-0.9707	4.4439	-1.0373	4.4507	-1.0683	4.4727	-1.1659	
4.4955	-1.2634	4.5192	-1.361 	4.5415	-1.4508	4.5434	-1.4585	
4.5679	-1.5561	4.593	-1.6537	4.6188	-1.7512	4.639	-1.8274	
4.6447	-1.8488	4.6706	-1.9463	4.6971	-2.0439	4.7239	-2.1415	
4.7366	-2.1884	4.75	-2.239 	4.7762	-2.3366	4.8028	-2.4341	
4.8301	-2.5317	4.8341	-2.5466	4.856	-2.6293	4.8825	-2.7268	
4.9104	-2.8244	4.9317	-2.8976	4.9388	-2.922	4.9681	-3.0195	
4.9997	-3.1171	5.1171	-3.4239	4.8341	-3.5403	4.7366	-3.5805	
4.6783	-3.6049	4.639	-3.6214	4.5415	-3.6628	4.4492	-3.7024	
4.4439	-3.7047	4.3463	-3.7472	4.2488	-3.7901	4.2266	-3.8   	
 ixbeg
  1	16	54	62	70	78	86	94
102	110	118	126	134	142	150
 lenix length of a group
 15	38	8	8	8	8	8	8
  8	8	8	8	8	8	248
 valix() defines color
  5	2	3	3	3	3	3	3
  3	3	3	3	3	3	1

