 AUG configuration data file
  14513              Shot number
    750              1st dimension of xyGC file
     30              Dimension of GC-element arrays
  2.1430E+00  5.5000E-01     2.2330E+00  5.5000E-01
  2.2330E+00  5.8140E-01     2.0539E+00  8.7380E-01
  2.0539E+00  8.8600E-01     1.9517E+00  8.8600E-01
  1.9490E+00  8.8580E-01     1.9470E+00  8.8470E-01
  1.9450E+00  8.8300E-01     1.9438E+00  8.8000E-01
  1.9435E+00  8.7700E-01     1.9448E+00  8.7380E-01
  2.1430E+00  5.5000E-01     1.8544E+00 -8.7400E-01
  1.9659E+00 -8.7400E-01     2.1685E+00 -5.6530E-01
  2.1685E+00 -5.5000E-01     2.0673E+00 -5.5000E-01
  1.8544E+00 -8.7400E-01     1.8178E+00 -9.0000E-01
  1.8178E+00 -8.8400E-01     1.7750E+00 -8.8400E-01
  1.7700E+00 -8.8900E-01     1.7700E+00 -9.0000E-01
  1.8178E+00 -9.0000E-01     1.9350E+00 -9.0000E-01
  1.7800E+00 -9.0000E-01     1.7800E+00 -9.0800E-01
  1.9350E+00 -9.0800E-01     1.9350E+00 -9.0000E-01
  1.4910E+00  1.2044E+00     1.6436E+00  1.1388E+00
  1.7920E+00  1.0830E+00     1.7990E+00  1.0850E+00
  1.8103E+00  1.1062E+00     1.5041E+00  1.2176E+00
  1.4910E+00  1.2044E+00     1.4746E+00 -9.7820E-01
  1.7875E+00 -1.0681E+00     1.7930E+00 -1.0470E+00
  1.7900E+00 -1.0410E+00     1.4870E+00 -9.5400E-01
  1.4805E+00 -9.5700E-01     1.4746E+00 -9.7820E-01
  1.1061E+00  8.3630E-01     1.1250E+00  8.2100E-01
  1.1320E+00  8.2400E-01     1.3302E+00  1.0893E+00
  1.3310E+00  1.0946E+00     1.3339E+00  1.0931E+00
  1.3371E+00  1.0936E+00     1.4917E+00  1.1793E+00
  1.5072E+00  1.1878E+00     1.5107E+00  1.1898E+00
  1.5070E+00  1.1914E+00     1.4963E+00  1.1961E+00
  1.4946E+00  1.1957E+00     1.3775E+00  1.1709E+00
  1.3238E+00  1.1208E+00     1.3184E+00  1.1082E+00
  1.3098E+00  1.1064E+00     1.1061E+00  8.3630E-01
  1.1061E+00 -8.3630E-01     1.3636E+00 -1.1778E+00
  1.4837E+00 -1.2263E+00     1.4891E+00 -1.2197E+00
  1.3302E+00 -1.0893E+00     1.1320E+00 -8.2400E-01
  1.1250E+00 -8.2100E-01     1.1061E+00 -8.3630E-01
  1.0946E+00 -7.6000E-01     1.0946E+00 -6.8000E-01
  1.0726E+00 -6.8000E-01     1.0726E+00 -7.0500E-01
  1.0000E+00 -7.0500E-01     1.0000E+00 -7.2500E-01
  1.0726E+00 -7.2500E-01     1.0726E+00 -7.6000E-01
  1.0946E+00 -7.6000E-01     1.1001E+00 -5.8440E-01
  1.0850E+00 -5.1732E-01     1.0717E+00 -4.4985E-01
  1.0603E+00 -3.8204E-01     1.0507E+00 -3.1395E-01
  1.0431E+00 -2.4562E-01     1.0373E+00 -1.7711E-01
  1.0333E+00 -1.0846E-01     1.0313E+00 -3.9728E-02
  1.0312E+00  2.9031E-02     1.0329E+00  9.7768E-02
  1.0365E+00  1.6643E-01     1.0420E+00  2.3497E-01
  1.0494E+00  3.0333E-01     1.0587E+00  3.7147E-01
  1.0698E+00  4.3932E-01     1.0828E+00  5.0684E-01
  1.0976E+00  5.7399E-01     1.1143E+00  6.4070E-01
  1.1327E+00  7.0693E-01     1.1530E+00  7.7262E-01
  1.1644E+00  7.6893E-01     1.1442E+00  7.0354E-01
  1.1259E+00  6.3763E-01     1.1093E+00  5.7124E-01
  1.0945E+00  5.0442E-01     1.0816E+00  4.3722E-01
  1.0705E+00  3.6969E-01     1.0613E+00  3.0188E-01
  1.0540E+00  2.3385E-01     1.0485E+00  1.6564E-01
  1.0449E+00  9.7300E-02     1.0432E+00  2.8892E-02
  1.0433E+00 -3.9538E-02     1.0453E+00 -1.0794E-01
  1.0492E+00 -1.7626E-01     1.0550E+00 -2.4444E-01
  1.0626E+00 -3.1245E-01     1.0721E+00 -3.8021E-01
  1.0835E+00 -4.4770E-01     1.0967E+00 -5.1484E-01
  1.1117E+00 -5.8160E-01     1.1001E+00 -5.8440E-01
  2.6000E+00  5.2500E-01     2.1400E+00  5.2500E-01
  2.1380E+00  5.2400E-01     2.1340E+00  5.2300E-01
  2.1310E+00  5.2000E-01     2.1300E+00  5.1700E-01
  2.1310E+00  5.1200E-01     2.1308E+00  5.1180E-01
  2.1530E+00  4.5047E-01     2.1714E+00  3.8787E-01
  2.1859E+00  3.2425E-01     2.1964E+00  2.5985E-01
  2.2028E+00  1.9492E-01     2.2052E+00  1.2972E-01
  2.2035E+00  6.4498E-02     2.1978E+00 -4.9454E-04
  2.1880E+00 -6.5004E-02     2.1742E+00 -1.2878E-01
  2.1565E+00 -1.9157E-01     2.1349E+00 -2.5314E-01
  2.1096E+00 -3.1325E-01     2.0805E+00 -3.7166E-01
  2.0478E+00 -4.2814E-01     2.0117E+00 -4.8249E-01
  2.0119E+00 -4.8353E-01     2.0077E+00 -4.9076E-01
  2.0057E+00 -4.9886E-01     2.0060E+00 -5.0721E-01
  2.0085E+00 -5.1515E-01     2.0132E+00 -5.2207E-01
  2.0196E+00 -5.2744E-01     2.0272E+00 -5.3084E-01
  2.0355E+00 -5.3200E-01     2.0440E+00 -5.3200E-01
  2.6000E+00 -5.3200E-01     2.5210E+00  0.0000E+00
  2.5059E+00  2.1006E-01     2.4610E+00  4.1582E-01
  2.3871E+00  6.1303E-01     2.2858E+00  7.9767E-01
  2.1591E+00  9.6593E-01     2.0097E+00  1.1144E+00
  1.8406E+00  1.2399E+00     1.8407E+00  1.2399E+00
  1.7053E+00  1.3029E+00     1.5581E+00  1.3286E+00
  1.4094E+00  1.3152E+00     1.2692E+00  1.2636E+00
  1.1472E+00  1.1773E+00     1.0519E+00  1.0624E+00
  9.8966E-01  9.2658E-01     9.6486E-01  7.7929E-01
  9.6480E-01  7.7877E-01     9.5713E-01  5.1924E-01
  9.5253E-01  2.5964E-01     9.5100E-01  3.3196E-06
  9.5253E-01 -2.5963E-01     9.5713E-01 -5.1924E-01
  9.6480E-01 -7.7877E-01     9.6486E-01 -7.7929E-01
  9.8966E-01 -9.2658E-01     1.0519E+00 -1.0624E+00
  1.1472E+00 -1.1773E+00     1.2692E+00 -1.2636E+00
  1.4094E+00 -1.3152E+00     1.5581E+00 -1.3286E+00
  1.7053E+00 -1.3029E+00     1.8407E+00 -1.2399E+00
  1.8406E+00 -1.2399E+00     2.0097E+00 -1.1144E+00
  2.1591E+00 -9.6593E-01     2.2858E+00 -7.9767E-01
  2.3871E+00 -6.1303E-01     2.4610E+00 -4.1582E-01
  2.5059E+00 -2.1006E-01     2.5210E+00  2.5702E-07
  2.1626E+00  4.0000E-01     2.2450E+00  4.0000E-01
  2.2450E+00  5.0000E-01     2.1626E+00  5.0000E-01
  2.1626E+00  5.0002E-01     2.1495E+00  4.7651E-01
  2.1450E+00  4.5000E-01     2.1495E+00  4.2349E-01
  2.1626E+00  3.9998E-01     2.1626E+00  4.0000E-01
  2.2864E+00 -1.5000E-01     2.2864E+00  1.5000E-01
  2.1870E+00  1.5000E-01     2.1864E+00  1.4500E-01
  2.1864E+00 -1.4500E-01     2.1870E+00 -1.5000E-01
  2.2864E+00 -1.5000E-01     2.0867E+00 -5.0000E-01
  2.1690E+00 -5.0000E-01     2.1690E+00 -4.0000E-01
  2.0867E+00 -4.0000E-01     2.0867E+00 -3.9998E-01
  2.0736E+00 -4.2349E-01     2.0691E+00 -4.5000E-01
  2.0736E+00 -4.7651E-01     2.0867E+00 -5.0002E-01
  2.0867E+00 -5.0000E-01     1.1369E+00 -6.5130E-01
  1.1393E+00 -6.5220E-01     1.1415E+00 -6.5370E-01
  1.1431E+00 -6.5570E-01     1.1803E+00 -7.1380E-01
  1.1808E+00 -7.1490E-01     1.1807E+00 -7.1610E-01
  1.1803E+00 -7.1720E-01     1.1794E+00 -7.1800E-01
  1.1567E+00 -7.3250E-01     1.1125E+00 -6.6350E-01
  1.1293E+00 -6.5270E-01     1.1317E+00 -6.5160E-01
  1.1343E+00 -6.5110E-01     1.1369E+00 -6.5130E-01
  1.1812E+00 -7.1750E-01     1.1821E+00 -7.1770E-01
  1.1830E+00 -7.1820E-01     1.1836E+00 -7.1890E-01
  1.2482E+00 -8.1980E-01     1.2486E+00 -8.2100E-01
  1.2485E+00 -8.2230E-01     1.2479E+00 -8.2340E-01
  1.2469E+00 -8.2410E-01     1.2457E+00 -8.2440E-01
  1.2155E+00 -8.2440E-01     1.1567E+00 -7.3250E-01
  1.1794E+00 -7.1800E-01     1.1803E+00 -7.1760E-01
  1.1812E+00 -7.1750E-01     1.2484E+00 -8.2540E-01
  1.2491E+00 -8.2550E-01     1.2498E+00 -8.2580E-01
  1.2503E+00 -8.2620E-01     1.2508E+00 -8.2670E-01
  1.2567E+00 -8.3550E-01     1.2621E+00 -8.4450E-01
  1.2672E+00 -8.5380E-01     1.2718E+00 -8.6320E-01
  1.2760E+00 -8.7290E-01     1.2798E+00 -8.8280E-01
  1.2831E+00 -8.9280E-01     1.2860E+00 -9.0290E-01
  1.2885E+00 -9.1320E-01     1.2904E+00 -9.2350E-01
  1.2919E+00 -9.3400E-01     1.2930E+00 -9.4450E-01
  1.2936E+00 -9.5500E-01     1.2937E+00 -9.6560E-01
  1.2933E+00 -9.7610E-01     1.2930E+00 -9.7720E-01
  1.2924E+00 -9.7810E-01     1.2914E+00 -9.7870E-01
  1.2903E+00 -9.7890E-01     1.2346E+00 -9.7890E-01
  1.2346E+00 -8.2540E-01     1.2484E+00 -8.2540E-01
  1.2909E+00 -9.8070E-01     1.2916E+00 -9.8130E-01
  1.2920E+00 -9.8210E-01     1.2920E+00 -9.8300E-01
  1.2897E+00 -9.9170E-01     1.2872E+00 -1.0004E+00
  1.2843E+00 -1.0090E+00     1.2811E+00 -1.0175E+00
  1.2776E+00 -1.0258E+00     1.2738E+00 -1.0341E+00
  1.2698E+00 -1.0422E+00     1.2654E+00 -1.0501E+00
  1.2608E+00 -1.0579E+00     1.2558E+00 -1.0655E+00
  1.2394E+00 -1.0937E+00     1.2372E+00 -1.0980E+00
  1.2355E+00 -1.1026E+00     1.2343E+00 -1.1073E+00
  1.2337E+00 -1.1122E+00     1.2336E+00 -1.1171E+00
  1.2341E+00 -1.1220E+00     1.2352E+00 -1.1268E+00
  1.2368E+00 -1.1314E+00     1.2388E+00 -1.1358E+00
  1.2414E+00 -1.1400E+00     1.2423E+00 -1.1416E+00
  1.2426E+00 -1.1433E+00     1.2423E+00 -1.1451E+00
  1.2415E+00 -1.1468E+00     1.2403E+00 -1.1481E+00
  1.2382E+00 -1.1502E+00     1.2363E+00 -1.1516E+00
  1.2340E+00 -1.1520E+00     1.2317E+00 -1.1516E+00
  1.2298E+00 -1.1502E+00     1.2010E+00 -1.1216E+00
  1.2496E+00 -9.8050E-01     1.2900E+00 -9.8050E-01
  1.2909E+00 -9.8070E-01     1.2792E+00 -1.1251E+00
  1.2792E+00 -1.1005E+00     1.2792E+00 -1.0996E+00
  1.2795E+00 -1.0988E+00     1.2799E+00 -1.0980E+00
  1.2804E+00 -1.0972E+00     1.2810E+00 -1.0966E+00
  1.3135E+00 -1.0704E+00     1.3149E+00 -1.0697E+00
  1.3164E+00 -1.0693E+00     1.3180E+00 -1.0695E+00
  1.3194E+00 -1.0702E+00     1.3206E+00 -1.0712E+00
  1.3349E+00 -1.0891E+00     1.2835E+00 -1.1305E+00
  1.2792E+00 -1.1251E+00     1.3191E+00 -1.0677E+00
  1.3190E+00 -1.0671E+00     1.3191E+00 -1.0665E+00
  1.3193E+00 -1.0659E+00     1.3198E+00 -1.0654E+00
  1.3219E+00 -1.0637E+00     1.3229E+00 -1.0631E+00
  1.3239E+00 -1.0627E+00     1.3251E+00 -1.0626E+00
  1.4608E+00 -1.0626E+00     1.4815E+00 -1.0873E+00
  1.4818E+00 -1.0879E+00     1.4820E+00 -1.0885E+00
  1.4819E+00 -1.0891E+00     1.4816E+00 -1.0897E+00
  1.4812E+00 -1.0902E+00     1.4806E+00 -1.0905E+00
  1.4800E+00 -1.0906E+00     1.3374E+00 -1.0906E+00
  1.3195E+00 -1.0682E+00     1.3191E+00 -1.0677E+00
  1.4827E+00 -1.0916E+00     1.4838E+00 -1.0917E+00
  1.4849E+00 -1.0921E+00     1.4858E+00 -1.0926E+00
  1.4866E+00 -1.0934E+00     1.5546E+00 -1.1747E+00
  1.5553E+00 -1.1864E+00     1.5391E+00 -1.1998E+00
  1.4617E+00 -1.1041E+00     1.4766E+00 -1.0916E+00
  1.4827E+00 -1.0916E+00     1.5557E+00 -1.2378E+00
  1.5563E+00 -1.2353E+00     1.5582E+00 -1.2335E+00
  1.5607E+00 -1.2328E+00     1.5921E+00 -1.2328E+00
  1.5931E+00 -1.2331E+00     1.5938E+00 -1.2338E+00
  1.5941E+00 -1.2348E+00     1.5941E+00 -1.2358E+00
  1.5943E+00 -1.2368E+00     1.5951E+00 -1.2376E+00
  1.5961E+00 -1.2378E+00     1.6087E+00 -1.2378E+00
  1.6094E+00 -1.2380E+00     1.6101E+00 -1.2384E+00
  1.6105E+00 -1.2391E+00     1.6107E+00 -1.2398E+00
  1.6107E+00 -1.2478E+00     1.5557E+00 -1.2478E+00
  1.5557E+00 -1.2378E+00     1.5986E+00 -1.2342E+00
  1.5984E+00 -1.2325E+00     1.6159E+00 -1.1206E+00
  1.6165E+00 -1.1193E+00     1.6175E+00 -1.1184E+00
  1.6189E+00 -1.1181E+00     1.6445E+00 -1.1181E+00
  1.6258E+00 -1.2359E+00     1.6013E+00 -1.2359E+00
  1.5997E+00 -1.2355E+00     1.5986E+00 -1.2342E+00
  1.6184E+00 -1.1166E+00     1.6173E+00 -1.1153E+00
  1.6171E+00 -1.1136E+00     1.6347E+00 -1.0038E+00
  1.6352E+00 -1.0025E+00     1.6363E+00 -1.0016E+00
  1.6376E+00 -1.0012E+00     1.6630E+00 -1.0012E+00
  1.6445E+00 -1.1171E+00     1.6200E+00 -1.1171E+00
  1.6184E+00 -1.1166E+00     1.6373E+00 -9.9970E-01
  1.6362E+00 -9.9830E-01     1.6361E+00 -9.9650E-01
  1.6388E+00 -9.8710E-01     1.6418E+00 -9.7790E-01
  1.6452E+00 -9.6870E-01     1.6488E+00 -9.5960E-01
  1.6527E+00 -9.5070E-01     1.6569E+00 -9.4190E-01
  1.6613E+00 -9.3330E-01     1.6661E+00 -9.2480E-01
  1.6711E+00 -9.1640E-01     1.6764E+00 -9.0830E-01
  1.7056E+00 -8.6030E-01     1.7068E+00 -8.5920E-01
  1.7084E+00 -8.5880E-01     1.7099E+00 -8.5940E-01
  1.7307E+00 -8.7440E-01     1.6751E+00 -1.0002E+00
  1.6390E+00 -1.0003E+00     1.6373E+00 -9.9970E-01
  1.7093E+00 -8.5720E-01     1.7091E+00 -8.5570E-01
  1.7096E+00 -8.5430E-01     1.7962E+00 -7.3220E-01
  1.7968E+00 -7.3160E-01     1.7976E+00 -7.3110E-01
  1.7986E+00 -7.3100E-01     1.8020E+00 -7.3090E-01
  1.8020E+00 -7.4470E-01     1.8146E+00 -7.5510E-01
  1.7638E+00 -8.9390E-01     1.7538E+00 -8.8990E-01
  1.7103E+00 -8.5840E-01     1.7093E+00 -8.5720E-01
  1.8395E+00 -7.6800E-01     1.8395E+00 -7.5900E-01
  1.8387E+00 -7.5400E-01     1.8364E+00 -7.4960E-01
  1.8328E+00 -7.4600E-01     1.8283E+00 -7.4380E-01
  1.8234E+00 -7.4300E-01     1.8061E+00 -7.4300E-01
  1.8051E+00 -7.4270E-01     1.8044E+00 -7.4200E-01
  1.8041E+00 -7.4100E-01     1.8041E+00 -7.3300E-01
  1.8044E+00 -7.3200E-01     1.8051E+00 -7.3130E-01
  1.8061E+00 -7.3100E-01     1.9344E+00 -7.3100E-01
  1.9360E+00 -7.3140E-01     1.9374E+00 -7.3240E-01
  1.9382E+00 -7.3390E-01     1.9383E+00 -7.3560E-01
  1.9377E+00 -7.3720E-01     1.9177E+00 -7.6800E-01
  1.8395E+00 -7.6800E-01     1.7949E+00 -7.3300E-01
  1.8347E+00 -6.8600E-01     1.9436E+00 -5.7160E-01
  1.9481E+00 -5.6680E-01     1.9524E+00 -5.6330E-01
  1.9572E+00 -5.6150E-01     1.9620E+00 -5.6110E-01
  2.0380E+00 -5.6110E-01     2.0387E+00 -5.7630E-01
  1.9298E+00 -7.3700E-01     1.7980E+00 -7.3700E-01
  1.7980E+00 -7.3300E-01     1.7949E+00 -7.3300E-01
  1.1169E+00 -5.8060E-01     1.0757E+00 -4.0540E-01
  1.0645E+00 -4.0730E-01     1.0976E+00 -5.8390E-01
  1.1169E+00 -5.8060E-01     0.0000E+00  0.0000E+00
  0.0000E+00  0.0000E+00     0.0000E+00  0.0000E+00
  0.0000E+00  0.0000E+00     0.0000E+00  0.0000E+00
  0.0000E+00  0.0000E+00     0.0000E+00  0.0000E+00
  0.0000E+00  0.0000E+00     0.0000E+00  0.0000E+00
  0.0000E+00  0.0000E+00     0.0000E+00  0.0000E+00
  0.0000E+00  0.0000E+00     0.0000E+00  0.0000E+00
  0.0000E+00  0.0000E+00     0.0000E+00  0.0000E+00
  0.0000E+00  0.0000E+00     0.0000E+00  0.0000E+00
  0.0000E+00  0.0000E+00     0.0000E+00  0.0000E+00
  0.0000E+00  0.0000E+00     0.0000E+00  0.0000E+00
  0.0000E+00  0.0000E+00     0.0000E+00  0.0000E+00
  0.0000E+00  0.0000E+00     0.0000E+00  0.0000E+00
  0.0000E+00  0.0000E+00     0.0000E+00  0.0000E+00
  0.0000E+00  0.0000E+00     0.0000E+00  0.0000E+00
  0.0000E+00  0.0000E+00     0.0000E+00  0.0000E+00
  0.0000E+00  0.0000E+00     0.0000E+00  0.0000E+00
  0.0000E+00  0.0000E+00     0.0000E+00  0.0000E+00
  0.0000E+00  0.0000E+00     0.0000E+00  0.0000E+00
  0.0000E+00  0.0000E+00     0.0000E+00  0.0000E+00
  0.0000E+00  0.0000E+00     0.0000E+00  0.0000E+00
  0.0000E+00  0.0000E+00     0.0000E+00  0.0000E+00
  0.0000E+00  0.0000E+00     0.0000E+00  0.0000E+00
  0.0000E+00  0.0000E+00     0.0000E+00  0.0000E+00
  0.0000E+00  0.0000E+00     0.0000E+00  0.0000E+00
  0.0000E+00  0.0000E+00     0.0000E+00  0.0000E+00
  0.0000E+00  0.0000E+00     0.0000E+00  0.0000E+00
  0.0000E+00  0.0000E+00     0.0000E+00  0.0000E+00
  0.0000E+00  0.0000E+00     0.0000E+00  0.0000E+00
  0.0000E+00  0.0000E+00     0.0000E+00  0.0000E+00
  0.0000E+00  0.0000E+00     0.0000E+00  0.0000E+00
  0.0000E+00  0.0000E+00     0.0000E+00  0.0000E+00
  0.0000E+00  0.0000E+00     0.0000E+00  0.0000E+00
  0.0000E+00  0.0000E+00     0.0000E+00  0.0000E+00
  0.0000E+00  0.0000E+00     0.0000E+00  0.0000E+00
  0.0000E+00  0.0000E+00     0.0000E+00  0.0000E+00
  0.0000E+00  0.0000E+00     0.0000E+00  0.0000E+00
  0.0000E+00  0.0000E+00     0.0000E+00  0.0000E+00
  0.0000E+00  0.0000E+00     0.0000E+00  0.0000E+00
  0.0000E+00  0.0000E+00     0.0000E+00  0.0000E+00
  0.0000E+00  0.0000E+00     0.0000E+00  0.0000E+00
  0.0000E+00  0.0000E+00     0.0000E+00  0.0000E+00
  0.0000E+00  0.0000E+00     0.0000E+00  0.0000E+00
  0.0000E+00  0.0000E+00     0.0000E+00  0.0000E+00
  0.0000E+00  0.0000E+00     0.0000E+00  0.0000E+00
  0.0000E+00  0.0000E+00     0.0000E+00  0.0000E+00
  0.0000E+00  0.0000E+00     0.0000E+00  0.0000E+00
  0.0000E+00  0.0000E+00     0.0000E+00  0.0000E+00
  0.0000E+00  0.0000E+00     0.0000E+00  0.0000E+00
  0.0000E+00  0.0000E+00     0.0000E+00  0.0000E+00
  0.0000E+00  0.0000E+00     0.0000E+00  0.0000E+00
  0.0000E+00  0.0000E+00     0.0000E+00  0.0000E+00
  0.0000E+00  0.0000E+00     0.0000E+00  0.0000E+00
  0.0000E+00  0.0000E+00     0.0000E+00  0.0000E+00
  0.0000E+00  0.0000E+00     0.0000E+00  0.0000E+00
  0.0000E+00  0.0000E+00     0.0000E+00  0.0000E+00
  0.0000E+00  0.0000E+00     0.0000E+00  0.0000E+00
  0.0000E+00  0.0000E+00     0.0000E+00  0.0000E+00
  0.0000E+00  0.0000E+00     0.0000E+00  0.0000E+00
  0.0000E+00  0.0000E+00     0.0000E+00  0.0000E+00
  0.0000E+00  0.0000E+00     0.0000E+00  0.0000E+00
  0.0000E+00  0.0000E+00     0.0000E+00  0.0000E+00
  0.0000E+00  0.0000E+00     0.0000E+00  0.0000E+00
  0.0000E+00  0.0000E+00     0.0000E+00  0.0000E+00
  0.0000E+00  0.0000E+00     0.0000E+00  0.0000E+00
  0.0000E+00  0.0000E+00     0.0000E+00  0.0000E+00
  0.0000E+00  0.0000E+00     0.0000E+00  0.0000E+00
  0.0000E+00  0.0000E+00     0.0000E+00  0.0000E+00
  0.0000E+00  0.0000E+00     0.0000E+00  0.0000E+00
  0.0000E+00  0.0000E+00     0.0000E+00  0.0000E+00
  0.0000E+00  0.0000E+00     0.0000E+00  0.0000E+00
  0.0000E+00  0.0000E+00     0.0000E+00  0.0000E+00
  0.0000E+00  0.0000E+00     0.0000E+00  0.0000E+00
  0.0000E+00  0.0000E+00     0.0000E+00  0.0000E+00
  0.0000E+00  0.0000E+00     0.0000E+00  0.0000E+00
  0.0000E+00  0.0000E+00     0.0000E+00  0.0000E+00
  0.0000E+00  0.0000E+00     0.0000E+00  0.0000E+00
  0.0000E+00  0.0000E+00     0.0000E+00  0.0000E+00
  0.0000E+00  0.0000E+00     0.0000E+00  0.0000E+00
  0.0000E+00  0.0000E+00     0.0000E+00  0.0000E+00
  0.0000E+00  0.0000E+00     0.0000E+00  0.0000E+00
  0.0000E+00  0.0000E+00     0.0000E+00  0.0000E+00
  0.0000E+00  0.0000E+00     0.0000E+00  0.0000E+00
  0.0000E+00  0.0000E+00     0.0000E+00  0.0000E+00
  0.0000E+00  0.0000E+00     0.0000E+00  0.0000E+00
  0.0000E+00  0.0000E+00     0.0000E+00  0.0000E+00
  0.0000E+00  0.0000E+00     0.0000E+00  0.0000E+00
  0.0000E+00  0.0000E+00     0.0000E+00  0.0000E+00
  0.0000E+00  0.0000E+00     0.0000E+00  0.0000E+00
  0.0000E+00  0.0000E+00     0.0000E+00  0.0000E+00
  0.0000E+00  0.0000E+00     0.0000E+00  0.0000E+00
  0.0000E+00  0.0000E+00     0.0000E+00  0.0000E+00
  0.0000E+00  0.0000E+00     0.0000E+00  0.0000E+00
  0.0000E+00  0.0000E+00     0.0000E+00  0.0000E+00
  0.0000E+00  0.0000E+00     0.0000E+00  0.0000E+00
  0.0000E+00  0.0000E+00     0.0000E+00  0.0000E+00
  0.0000E+00  0.0000E+00     0.0000E+00  0.0000E+00
  0.0000E+00  0.0000E+00     0.0000E+00  0.0000E+00
  0.0000E+00  0.0000E+00     0.0000E+00  0.0000E+00
  0.0000E+00  0.0000E+00     0.0000E+00  0.0000E+00
  0.0000E+00  0.0000E+00     0.0000E+00  0.0000E+00
  0.0000E+00  0.0000E+00     0.0000E+00  0.0000E+00
  0.0000E+00  0.0000E+00     0.0000E+00  0.0000E+00
  0.0000E+00  0.0000E+00     0.0000E+00  0.0000E+00
  0.0000E+00  0.0000E+00     0.0000E+00  0.0000E+00
  0.0000E+00  0.0000E+00     0.0000E+00  0.0000E+00
  0.0000E+00  0.0000E+00     0.0000E+00  0.0000E+00
  0.0000E+00  0.0000E+00     0.0000E+00  0.0000E+00
  0.0000E+00  0.0000E+00     0.0000E+00  0.0000E+00
  0.0000E+00  0.0000E+00     0.0000E+00  0.0000E+00
  0.0000E+00  0.0000E+00     0.0000E+00  0.0000E+00
  0.0000E+00  0.0000E+00     0.0000E+00  0.0000E+00
  0.0000E+00  0.0000E+00     0.0000E+00  0.0000E+00
  0.0000E+00  0.0000E+00     0.0000E+00  0.0000E+00
  0.0000E+00  0.0000E+00     0.0000E+00  0.0000E+00
  0.0000E+00  0.0000E+00     0.0000E+00  0.0000E+00
  0.0000E+00  0.0000E+00     0.0000E+00  0.0000E+00
  0.0000E+00  0.0000E+00     0.0000E+00  0.0000E+00
  0.0000E+00  0.0000E+00     0.0000E+00  0.0000E+00
  0.0000E+00  0.0000E+00     0.0000E+00  0.0000E+00
  0.0000E+00  0.0000E+00     0.0000E+00  0.0000E+00
  0.0000E+00  0.0000E+00     0.0000E+00  0.0000E+00
  0.0000E+00  0.0000E+00     0.0000E+00  0.0000E+00
  0.0000E+00  0.0000E+00     0.0000E+00  0.0000E+00
  0.0000E+00  0.0000E+00     0.0000E+00  0.0000E+00
  0.0000E+00  0.0000E+00     0.0000E+00  0.0000E+00
  0.0000E+00  0.0000E+00     0.0000E+00  0.0000E+00
  0.0000E+00  0.0000E+00     0.0000E+00  0.0000E+00
  0.0000E+00  0.0000E+00     0.0000E+00  0.0000E+00
  0.0000E+00  0.0000E+00     0.0000E+00  0.0000E+00
  0.0000E+00  0.0000E+00     0.0000E+00  0.0000E+00
  0.0000E+00  0.0000E+00     0.0000E+00  0.0000E+00
 ixbeg
      1     14     20     26     31     38     45     63     71     80
    123    158    199    209    216    226    241    256    283    322
    338    359    370    390    401    412    433    447    470    483
 lenix
     13      6      6      5      7      7     18      8      9     43
     35     41     10      7     10     15     15     27     39     16
     21     11     20     11     11     21     14     23     13      5
 valix
     11     11      0      0     11      0     11      0      1     11
     11     11      0      0      0     11     11     21     21     11
     11     11     11     21     21     21     11      1      1     21
