  1
  ZRD11       0.0000E+00  2.0000E+00  1.0000E+00  8.0000E+01
  7.7000E-01  1.4000E-01  9.0000E-02  1.0000E+00  1.5000E+01
  1.5773E-01  1.9733E+00  1.7201E+00  2.3800E-02  1.0000E+00
  9.0000E+00  2.0000E+00  9.0000E+00  2.0000E+00  0.0000E+00
  2
  ZRD12       0.0000E+00  2.0000E+00  1.0000E+00  8.0000E+01
  7.7000E-01  1.4000E-01  9.0000E-02  1.0000E+00  1.5000E+01
 -5.4710E-01  1.9732E+00  1.7219E+00  1.5974E-01  1.0000E+00
  9.0000E+00  2.0000E+00  9.0000E+00  2.0000E+00  0.0000E+00
  3
  ZRD13       0.0000E+00  2.0000E+00  1.0000E+00  8.0000E+01
  8.1000E-01  1.3000E-01  6.0000E-02  1.0000E+00  1.5000E+01
 -5.7710E-01  1.4379E+00  1.1829E+00  1.5974E-01  1.0000E+00
  9.0000E+00  2.0000E+00  9.0000E+00  2.0000E+00  0.0000E+00
  4
  ZRD14       0.0000E+00  2.0000E+00  1.0000E+00  8.0000E+01
  8.1000E-01  1.3000E-01  6.0000E-02  1.0000E+00  1.5000E+01
  1.5303E-01  1.4376E+00  1.1805E+00  2.3800E-02  1.0000E+00
  9.0000E+00  2.0000E+00  9.0000E+00  2.0000E+00  0.0000E+00
  5
  ZRD15       0.0000E+00  2.0000E+00  1.0000E+00  8.0000E+01
  8.1000E-01  1.3000E-01  6.0000E-02  1.0000E+00  1.5000E+01
  1.6952E-01  1.4376E+00  1.1805E+00 -5.0800E-02  1.0000E+00
  9.0000E+00  2.0000E+00  9.0000E+00  2.0000E+00  0.0000E+00
  6
  ZRD16       0.0000E+00  2.0000E+00  1.0000E+00  8.0000E+01
  8.1000E-01  1.3000E-01  6.0000E-02  1.0000E+00  1.5000E+01
  7.7192E-01  1.4379E+00  1.1829E+00 -1.7620E-01  1.0000E+00
  9.0000E+00  2.0000E+00  9.0000E+00  2.0000E+00  0.0000E+00
  7
  ZRD17       0.0000E+00  2.0000E+00  1.0000E+00  8.0000E+01
  8.1000E-01  1.3000E-01  6.0000E-02  1.0000E+00  1.5000E+01
  7.3881E-01  1.9732E+00  1.7219E+00 -1.7620E-01  1.0000E+00
  9.0000E+00  2.0000E+00  9.0000E+00  2.0000E+00  0.0000E+00
  8
  ZRD18       0.0000E+00  2.0000E+00  1.0000E+00  8.0000E+01
  8.1000E-01  1.3000E-01  6.0000E-02  1.0000E+00  1.5000E+01
  1.5948E-01  1.9733E+00  1.7201E+00 -5.0800E-02  1.0000E+00
  9.0000E+00  2.0000E+00  9.0000E+00  2.0000E+00  0.0000E+00
  9
  ZRD21       0.0000E+00  2.0000E+00  1.0000E+00  1.3700E+02
  6.3000E-01  1.9000E-01  1.8000E-01  1.0000E+00  1.5000E+01
  1.5773E-01  1.9733E+00  1.7201E+00  2.3800E-02  1.0000E+00
  9.0000E+00  2.0000E+00  9.0000E+00  2.0000E+00  0.0000E+00
 10
  ZRD22       0.0000E+00  2.0000E+00  1.0000E+00  1.3700E+02
  6.3000E-01  1.9000E-01  1.8000E-01  1.0000E+00  1.5000E+01
 -5.4710E-01  1.9732E+00  1.7219E+00  1.5974E-01  1.0000E+00
  9.0000E+00  2.0000E+00  9.0000E+00  2.0000E+00  0.0000E+00
 11
  ZRD23       0.0000E+00  2.0000E+00  1.0000E+00  1.3700E+02
  6.3000E-01  1.9000E-01  1.8000E-01  1.0000E+00  1.5000E+01
 -5.7710E-01  1.4379E+00  1.1829E+00  1.5974E-01  1.0000E+00
  9.0000E+00  2.0000E+00  9.0000E+00  2.0000E+00  0.0000E+00
 12
  ZRD24       0.0000E+00  2.0000E+00  1.0000E+00  1.3700E+02
  6.3000E-01  1.9000E-01  1.8000E-01  1.0000E+00  1.5000E+01
  1.5303E-01  1.4376E+00  1.1805E+00  2.3800E-02  1.0000E+00
  9.0000E+00  2.0000E+00  9.0000E+00  2.0000E+00  0.0000E+00
 13
  ZRD25       0.0000E+00  2.0000E+00  1.0000E+00  1.3700E+02
  6.3000E-01  1.9000E-01  1.8000E-01  1.0000E+00  1.5000E+01
  1.6952E-01  1.4376E+00  1.1805E+00 -5.0800E-02  1.0000E+00
  9.0000E+00  2.0000E+00  9.0000E+00  2.0000E+00  0.0000E+00
 14
  ZRD26       0.0000E+00  2.0000E+00  1.0000E+00  1.3700E+02
  6.3000E-01  1.9000E-01  1.8000E-01  1.0000E+00  1.5000E+01
  7.7192E-01  1.4379E+00  1.1829E+00 -1.7620E-01  1.0000E+00
  9.0000E+00  2.0000E+00  9.0000E+00  2.0000E+00  0.0000E+00
 15
  ZRD27       0.0000E+00  2.0000E+00  1.0000E+00  1.3700E+02
  6.3000E-01  1.9000E-01  1.8000E-01  1.0000E+00  1.5000E+01
  7.3881E-01  1.9732E+00  1.7219E+00 -1.7620E-01  1.0000E+00
  9.0000E+00  2.0000E+00  9.0000E+00  2.0000E+00  0.0000E+00
 16
  ZRD28       0.0000E+00  2.0000E+00  1.0000E+00  1.3700E+02
  6.3000E-01  1.9000E-01  1.8000E-01  1.0000E+00  1.5000E+01
  1.5948E-01  1.9733E+00  1.7201E+00 -5.0800E-02  1.0000E+00
  9.0000E+00  2.0000E+00  9.0000E+00  2.0000E+00  0.0000E+00
