  1
ZRD1        CF1           2.0000E+00  1.0000E+00  8.0110E+01
  8.0000E-01  1.3000E-01  7.0000E-02  0.0000E+00  2.0000E+01
  2.0000E+00  9.5000E-01  5.5000E-01 -7.1300E-01  1.0000E+00
  1.0000E+00  2.0000E+00  1.0000E+00  2.0000E+00  0.0000E+00
  2
ZRD2        CF2           2.0000E+00  1.0000E+00  8.7200E+01
  8.0000E-01  1.3000E-01  7.0000E-02  0.0000E+00  2.0000E+01
  2.0000E+00  9.5000E-01  5.5000E-01 -7.1300E-01  1.0000E+00
  1.0000E+00  2.0000E+00  1.0000E+00  2.0000E+00  0.0000E+00
  3
ZRD3        CF1           2.0000E+00  1.0000E+00  8.4100E+01
  8.0000E-01  1.3000E-01  7.0000E-02  0.0000E+00  2.0000E+01
 -2.0000E+00  9.5000E-01  5.5000E-01  7.1300E-01  1.0000E+00
  1.0000E+00  2.0000E+00  1.0000E+00  2.0000E+00  0.0000E+00
  4
ZRD4        CF2           2.0000E+00  1.0000E+00  7.9620E+01
  8.0000E-01  1.3000E-01  7.0000E-02  0.0000E+00  2.0000E+01
 -2.0000E+00  9.5000E-01  5.5000E-01  7.1300E-01  1.0000E+00
  1.0000E+00  2.0000E+00  1.0000E+00  2.0000E+00  0.0000E+00
  5
ZRD5        CF2           2.0000E+00  1.0000E+00  8.4200E+01
  8.0000E-01  1.3000E-01  7.0000E-02  0.0000E+00  2.0000E+01
  6.3000E-01  2.8800E+00  2.4800E+00 -1.5800E-01  1.0100E+00
  1.0000E+00  2.0000E+00  1.0000E+00  2.0000E+00  0.0000E+00
  6
ZRD6        CF1           2.0000E+00  1.0000E+00  8.4700E+01
  8.0000E-01  1.3000E-01  7.0000E-02  0.0000E+00  2.0000E+01
  6.3000E-01  2.8800E+00  2.4800E+00 -1.5800E-01  1.0100E+00
  1.0000E+00  2.0000E+00  1.0000E+00  2.0000E+00  0.0000E+00
  7
ZRD7        CF2           2.0000E+00  1.0000E+00  8.5900E+01
  8.0000E-01  1.3000E-01  7.0000E-02  0.0000E+00  2.0000E+01
 -6.3000E-01  2.8800E+00  2.4800E+00  1.5800E-01  1.0100E+00
  1.0000E+00  2.0000E+00  1.0000E+00  2.0000E+00  0.0000E+00
  8
ZRD8        CF1           2.0000E+00  1.0000E+00  8.4000E+01
  8.0000E-01  1.3000E-01  7.0000E-02  0.0000E+00  2.0000E+01
 -6.3000E-01  2.8800E+00  2.4800E+00  1.5800E-01  1.0100E+00
  1.0000E+00  2.0000E+00  1.0000E+00  2.0000E+00  0.0000E+00
  9
ZRD9        CF1           2.0000E+00  1.0000E+00  3.5000E+02
  1.0000E+00  0.0000E+00  0.0000E+00  0.0000E+00  2.0000E+01
  1.9000E-01  2.7100E+00  2.5100E+00 -4.8000E-02  1.0000E+00
  1.0000E+00  2.0000E+00  1.0000E+00  2.0000E+00  0.0000E+00
 10
CV1         CF1           2.0000E+00  1.0000E+00  3.5000E+02
  1.0000E+00  0.0000E+00  0.0000E+00  0.0000E+00  2.0000E+01
 -1.9000E-01  2.7100E+00  2.5100E+00  4.8000E-02  1.0000E+00
  1.0000E+00  2.0000E+00  1.0000E+00  2.0000E+00  0.0000E+00
